  19.23     17.2910    0.46809   130   0.10004   23.265   -999.99   -999.990  
  25.33     16.8100    0.47937   131   0.10167   23.265   -999.99   -999.990  
  30.16     16.3290    0.49084   132   0.10331   23.266   -999.99   -999.990  
  35.42     15.8490    0.50247   133   0.10496   23.266    -92.10     -2.083  
  41.05     15.3690    0.51429   134   0.00000   23.267    -93.30     -2.084  
  45.72     14.8900    0.52629   135   0.10831   23.267    -99.40     -2.086  
  50.47     14.4100    0.53846   136   0.11000   23.267   -101.40     -2.086  
  55.33     13.9310    0.55082   137   0.11170   23.268    -95.20     -2.087  
  60.42     13.4520    0.56337   138   0.11342   23.268    -90.80     -2.088  
  65.90     12.9730    0.57611   139   0.11514   23.268    -88.90     -2.089  
  71.14     12.4950    0.58903   140   0.11689   23.269    -94.00     -2.089  
  76.20     12.0160    0.60215   141   0.11864   23.269    -97.70     -2.090  
  80.79     11.5380    0.61546   142   0.12041   23.269    -96.40     -2.091  
  86.07     11.0600    0.62896   143   0.12219   23.270    -93.30     -2.091  
  91.26     10.5810    0.64266   144   0.12398   23.270    -91.00     -2.092  
  96.45     10.1040    0.65655   145   0.12579   23.270    -90.70     -2.092  
 101.73      9.6250    0.67066   146   0.12761   23.271    -91.00     -2.092  
 107.14      9.1470    0.68496   147   0.12944   23.271    -90.40     -2.092  
 112.20      8.6690    0.69947   148   0.13129   23.272    -89.00     -2.092  
 117.82      8.1910    0.71419   149   0.13315   23.272    -87.40     -2.092  
 123.32      7.7130    0.72911   150   0.13503   23.272    -85.40     -2.091  
 128.83      7.2350    0.74425   151   0.13692   23.273    -87.60     -2.091  
 134.40      6.7570    0.75960   152   0.13882   23.273    -87.50     -2.091  
 139.69      6.2780    0.77517   153   0.14074   23.273    -85.90     -2.090  
 145.49      5.8000    0.79096   154   0.14267   23.274    -83.00     -2.090  
 151.38      5.3210    0.80696   155   0.14462   23.274    -79.10     -2.089  
 157.46      4.8430    0.82319   156   0.14658   23.274    -76.50     -2.089  
 163.79      4.3640    0.83964   157   0.14856   23.275    -77.60     -2.088  
 170.00      3.8850    0.85632   158   0.15055   23.275    -81.20     -2.088  
 175.49      3.4060    0.87323   159   0.15255   23.275    -83.60     -2.087  
 181.32      2.9260    0.89037   160   0.15457   23.276    -83.80     -2.086  
 187.20      2.4470    0.90773   161   0.15661   23.276    -80.30     -2.086  
 193.05      1.9680    0.92534   162   0.15866   23.277    -78.60     -2.085  
 199.43      1.4880    0.94318   163   0.16072   23.277    -79.20     -2.084  
 205.42      1.0080    0.96126   164   0.16280   23.277    -79.20     -2.084  
 211.26      0.5280    0.97958   165   0.16490   23.278    -78.80     -2.082  
 217.76      0.0480    0.99814   166   0.16701   23.278    -75.20     -2.082  
 218.35      0.0000    1.00000   166   0.17105   23.278    -74.50     -2.082  
 224.26     -0.4340    1.01700   167   0.16915   23.278    -77.30     -2.081  
 230.08     -0.9130    1.03600   168   0.17128   23.279    -76.60     -2.080  
 236.61     -1.3940    1.05530   169   0.17343   23.279    -76.70     -2.079  
 242.87     -1.8760    1.07490   170   0.17562   23.279    -77.80     -2.078  
 248.90     -2.3570    1.09470   171   0.17780   23.280    -81.80     -2.076  
 254.71     -2.8390    1.11480   172   0.18001   23.280    -81.70     -2.075  
 260.62     -3.3200    1.13510   173   0.18223   23.280    -78.30     -2.074  
 267.04     -3.8030    1.15570   174   0.18447   23.281    -72.90     -2.073  
 273.79     -4.2860    1.17660   175   0.18673   23.281    -72.40     -2.072  
 280.66     -4.7680    1.19770   176   0.18900   23.282    -72.20     -2.071  
 286.94     -5.2510    1.21910   177   0.19128   23.282    -69.10     -2.069  
 294.29     -5.7350    1.24080   178   0.19359   23.282    -68.50     -2.068  
 301.67     -6.2180    1.26270   179   0.19591   23.283    -69.80     -2.067  
 307.91     -6.7030    1.28500   180   0.19826   23.283    -72.80     -2.066  
 314.80     -7.1880    1.30750   181   0.20061   23.283    -70.60     -2.064  
 321.77     -7.6700    1.33020   182   0.20297   23.284    -66.40     -2.063  
 329.30     -8.1560    1.35330   183   0.20537   23.284    -66.60     -2.063  
 336.48     -8.6420    1.37670   184   0.20778   23.284    -69.10     -2.061  
 343.43     -9.1260    1.40030   185   0.21020   23.285    -68.30     -2.059  
 350.38     -9.6120    1.42420   186   0.21263   23.285    -65.20     -2.058  
 358.58    -10.0990    1.44850   187   0.21510   23.286    -61.30     -2.057  
 366.29    -10.5850    1.47300   188   0.21757   23.286    -60.20     -2.056  
 374.55    -11.0710    1.49780   189   0.22006   23.286    -61.00     -2.054  
 382.35    -11.5580    1.52290   190   0.22257   23.287    -61.50     -2.053  
 390.29    -12.0450    1.54830   191   0.22509   23.287    -63.00     -2.051  
 397.94    -12.5340    1.57410   192   0.22765   23.287    -63.20     -2.050  
 405.65    -13.0210    1.60010   193   0.23021   23.288    -63.60     -2.049  
 413.31    -13.5100    1.62650   194   0.23280   23.288    -66.00     -2.047  
 420.71    -13.9970    1.65310   195   0.23539   23.288    -67.10     -2.047  
 427.59    -14.4870    1.68010   196   0.23801   23.289    -66.80     -2.045  
 435.44    -14.9760    1.70740   197   0.24065   23.289    -64.80     -2.044  
 442.90    -15.4650    1.73500   198   0.24330   23.290    -62.50     -2.042  
 450.74    -15.9540    1.76290   199   0.24597   23.290    -63.70     -2.041  
 458.61    -16.4450    1.79120   200   0.24866   23.290    -64.80     -2.040  
 465.85    -16.9360    1.81980   201   0.25137   23.291    -64.60     -2.038  
 473.50    -17.4260    1.84870   202   0.25410   23.291    -62.90     -2.037  
 481.72    -17.9180    1.87800   203   0.25685   23.291    -62.00     -2.036  
 489.44    -18.4080    1.90750   204   0.25960   23.292    -63.60     -2.035  
 497.10    -18.9010    1.93750   205   0.26239   23.292    -62.30     -2.034  
 504.98    -19.3920    1.96770   206   0.26519   23.292    -61.00     -2.032  
 513.62    -19.8840    1.99830   207   0.26801   23.293    -60.30     -2.030  
 521.22    -20.3770    2.02930   208   0.27085   23.293    -61.40     -2.029  
 529.51    -20.8700    2.06060   209   0.27371   23.294    -62.10     -2.027  
 537.42    -21.3640    2.09230   210   0.27659   23.294    -60.10     -2.026  
 545.65    -21.8570    2.12430   211   0.27949   23.294    -60.20     -2.025  
 554.13    -22.3520    2.15670   212   0.28241   23.295    -59.30     -2.024  
 562.24    -22.8460    2.18940   213   0.28534   23.295    -58.80     -2.023  
 570.84    -23.3400    2.22250   214   0.28830   23.295    -57.60     -2.022  
 579.43    -23.8340    2.25590   215   0.29127   23.296    -58.70     -2.021  
 587.97    -24.3290    2.28970   216   0.29426   23.296    -60.60     -2.019  
 595.60    -24.8250    2.32390   217   0.29727   23.297    -60.80     -2.018  
 604.20    -25.3210    2.35850   218   0.30031   23.297    -57.90     -2.017  
 612.80    -25.8170    2.39340   219   0.30336   23.297    -56.70     -2.015  
 621.92    -26.3130    2.42870   220   0.30643   23.298    -57.70     -2.014  
 629.90    -26.8100    2.46440   221   0.30952   23.298    -58.20     -2.014  
 638.77    -27.3070    2.50050   222   0.31263   23.298    -59.10     -2.012  
 647.25    -27.8030    2.53690   223   0.31576   23.299    -56.90     -2.011  
 655.72    -28.3000    2.57370   224   0.31890   23.299    -56.70     -2.010  
 665.14    -28.7990    2.61100   225   0.32208   23.299    -54.80     -2.009  
 673.73    -29.2970    2.64860   226   0.32527   23.300    -56.80     -2.007  
 682.94    -29.7950    2.68660   227   0.32848   23.300    -58.00     -2.006  
 690.81    -30.2930    2.72500   228   0.33171   23.301    -56.00     -2.005  
 700.40    -30.7930    2.76390   229   0.33497   23.301    -53.70     -2.003  
 709.90    -31.2920    2.80310   230   0.33824   23.301    -53.20     -2.002  
 719.17    -31.7910    2.84270   231   0.34153   23.302    -54.80     -2.001  
 727.86    -32.2920    2.88280   232   0.34484   23.302    -55.20     -2.001  
 737.48    -32.7910    2.92320   233   0.34817   23.302    -53.10     -2.000  
 746.60    -33.2920    2.96410   234   0.35153   23.303    -52.90     -1.999  
 756.54    -33.7920    3.00530   235   0.35489   23.303    -54.20     -1.998  
 765.18    -34.2920    3.04700   236   0.35829   23.304    -55.00     -1.997  
 774.58    -34.7930    3.08910   237   0.36170   23.304    -53.30     -1.996  
 783.98    -35.2950    3.13170   238   0.36514   23.304    -50.30     -1.994  
 794.58    -35.7960    3.17460   239   0.36859   23.305    -50.60     -1.993  
 804.09    -36.2980    3.21800   240   0.37206   23.305    -51.90     -1.992  
 813.56    -36.8010    3.26190   241   0.37557   23.305    -54.20     -1.992  
 823.09    -37.3020    3.30610   242   0.37908   23.306    -50.90     -1.991  
 832.58    -37.8050    3.35080   243   0.38262   23.306    -50.10     -1.990  
 843.00    -38.3070    3.39590   244   0.38617   23.307    -49.90     -1.989  
 852.66    -38.8100    3.44150   245   0.38975   23.307    -51.60     -1.988  
 863.03    -39.3130    3.48750   246   0.39335   23.307    -51.00     -1.987  
 872.64    -39.8170    3.53400   247   0.39697   23.308    -47.90     -1.986  
 883.85    -40.3210    3.58090   248   0.40061   23.308    -48.40     -1.985  
 893.89    -40.8250    3.62830   249   0.40428   23.308    -49.30     -1.984  
 903.95    -41.3290    3.67610   250   0.40796   23.309    -51.10     -1.983  
 913.80    -41.8330    3.72440   251   0.41167   23.309    -51.30     -1.983  
 923.86    -42.3370    3.77310   252   0.41539   23.310    -49.70     -1.982  
 933.76    -42.8430    3.82240   253   0.41915   23.310    -48.60     -1.981  
 945.00    -43.3470    3.87200   254   0.42291   23.310    -47.90     -1.980  
 954.94    -43.8530    3.92220   255   0.42670   23.311    -47.80     -1.979  
 965.70    -44.3580    3.97280   256   0.43051   23.311    -49.40     -1.979  
 976.09    -44.8630    4.02390   257   0.43435   23.311    -48.10     -1.978  
 986.09    -45.3690    4.07540   258   0.43819   23.312    -48.90     -1.977  
 997.31    -45.8750    4.12750   259   0.44207   23.312    -47.60     -1.976  
1007.20    -46.3810    4.18000   260   0.44597   23.313    -48.30     -1.976  
1018.50    -46.8870    4.23300   261   0.44988   23.313    -46.90     -1.975  
1028.50    -47.3940    4.28650   262   0.45382   23.313    -45.50     -1.974  
1040.80    -47.9000    4.34050   263   0.45779   23.314    -46.40     -1.973  
1050.90    -48.4080    4.39500   264   0.46177   23.314    -47.60     -1.973  
1061.60    -48.9140    4.44990   265   0.46577   23.314    -48.80     -1.972  
1072.00    -49.4210    4.50540   266   0.46980   23.315    -46.70     -1.971  
1083.20    -49.9290    4.56140   267   0.47385   23.315    -45.80     -1.970  
1094.40    -50.4370    4.61790   268   0.47792   23.316    -45.10     -1.969  
1105.60    -50.9450    4.67490   269   0.48201   23.316    -45.40     -1.969  
1116.90    -51.4530    4.73240   270   0.48612   23.316    -45.50     -1.968  
1128.10    -51.9610    4.79040   271   0.49026   23.317    -45.60     -1.968  
1139.20    -52.4690    4.84890   272   0.49441   23.317    -45.60     -1.967  
1150.40    -52.9780    4.90800   273   0.49860   23.318    -45.50     -1.967  
1161.60    -53.4860    4.96750   274   0.50279   23.318    -46.00     -1.966  
1172.90    -53.9950    5.02760   275   0.50702   23.318    -44.70     -1.965  
1184.00    -54.5040    5.08820   276   0.51126   23.319    -43.50     -1.965  
1196.50    -55.0130    5.14940   277   0.51553   23.319    -43.80     -1.964  
1207.70    -55.5220    5.21100   278   0.51981   23.319    -44.10     -1.963  
1219.00    -56.0310    5.27320   279   0.52413   23.320    -44.60     -1.963  
1231.00    -56.5410    5.33600   280   0.52846   23.320    -43.30     -1.962  
1242.60    -57.0510    5.39930   281   0.53282   23.321    -43.00     -1.961  
1254.50    -57.5610    5.46310   282   0.53720   23.321    -43.90     -1.961  
1266.30    -58.0710    5.52750   283   0.54160   23.321    -43.80     -1.961  
1277.70    -58.5810    5.59240   284   0.54602   23.322    -42.90     -1.961  
1290.00    -59.0000    5.65780   285   0.55046   23.322    -42.30     -1.960  
1302.40    -59.6010    5.72380   286   0.55493   23.322    -41.00     -1.960  
1314.20    -60.1120    5.79040   287   0.55942   23.323    -42.70     -1.959  
1327.00    -60.6220    5.85750   288   0.56393   23.323    -43.40     -1.958  
1337.70    -61.1330    5.92520   289   0.56846   23.324    -42.50     -1.958  
1350.40    -61.6430    5.99340   290   0.57302   23.324    -42.30     -1.957  
1363.00    -62.1540    6.06220   291   0.57759   23.324    -41.40     -1.957  
1374.60    -62.6660    6.13160   292   0.58220   23.325    -42.30     -1.956  
1387.10    -63.1770    6.20160   293   0.58682   23.325    -41.80     -1.956  
1399.50    -63.6880    6.27210   294   0.59147   23.326    -41.10     -1.956  
1411.90    -64.2000    6.34320   295   0.59614   23.326    -41.20     -1.955  
1424.40    -64.7110    6.41490   296   0.60083   23.326    -40.70     -1.955  
1437.20    -65.2220    6.48710   297   0.60554   23.327    -39.90     -1.955  
1450.00    -65.7340    6.56000   298   0.61028   23.327    -39.90     -1.954  
1463.10    -66.2460    6.63340   299   0.61504   23.327    -40.80     -1.954  
1475.40    -66.7580    6.70740   300   0.61981   23.328    -40.20     -1.953  
1488.00    -67.2700    6.78200   301   0.62462   23.328    -40.00     -1.953  
1501.80    -67.7820    6.85730   302   0.62945   23.329    -39.00     -1.952  
1514.10    -68.2950    6.93310   303   0.63430   23.329    -39.20     -1.952  
1527.70    -68.8070    7.00950   304   0.63917   23.329    -40.10     -1.952  
1540.30    -69.3190    7.08650   305   0.64407   23.330    -39.90     -1.952  
1553.00    -69.8310    7.16410   306   0.64899   23.330    -39.30     -1.951  
1566.40    -70.3440    7.24230   307   0.65392   23.331    -38.20     -1.951  
1580.20    -70.8570    7.32120   308   0.65889   23.331    -39.50     -1.951  
1592.80    -71.3690    7.40060   309   0.66388   23.331    -39.40     -1.950  
1605.40    -71.8820    7.48070   310   0.66889   23.332    -39.30     -1.950  
1619.90    -72.3950    7.56140   311   0.67392   23.332    -37.40     -1.950  
1632.50    -72.9080    7.64270   312   0.67898   23.332    -37.70     -1.950  
1647.10    -73.4200    7.72460   313   0.68405   23.333    -38.40     -1.949  
1659.70    -73.9340    7.80720   314   0.68916   23.333    -38.40     -1.949  
1673.50    -74.4470    7.89040   315   0.69428   23.334    -38.30     -1.949  
1686.80    -74.9600    7.97420   316   0.69943   23.334    -37.60     -1.948  
1701.00    -75.4730    8.05870   317   0.70460   23.334    -38.20     -1.948  
1713.90    -75.9870    8.14380   318   0.70980   23.335    -38.60     -1.948  
1727.60    -76.5000    8.22960   319   0.71502   23.335    -38.00     -1.948  
1741.00    -77.0140    8.31600   320   0.72026   23.335    -36.40     -1.948  
1755.80    -77.5270    8.40300   321   0.72553   23.336    -37.10     -1.947  
1769.40    -78.0410    8.49070   322   0.73081   23.336    -37.80     -1.947  
1782.50    -78.5540    8.57900   323   0.73612   23.337    -37.50     -1.947  
1796.80    -79.0680    8.66800   324   0.74146   23.337    -35.50     -1.947  
1811.80    -79.5820    8.75770   325   0.74682   23.337    -36.00     -1.947  
1826.00    -80.0950    8.84800   326   0.75220   23.338    -36.40     -1.946  
1839.10    -80.6090    8.93900   327   0.75760   23.338    -36.80     -1.946  
1854.50    -81.1230    9.03060   328   0.76303   23.339    -36.60     -1.946  
1867.80    -81.6370    9.12300   329   0.76849   23.339    -36.80     -1.945  
1882.00    -82.1510    9.21600   330   0.77396   23.339    -35.70     -1.945  
1896.50    -82.6660    9.30970   331   0.77947   23.340    -34.30     -1.945  
1912.70    -83.1790    9.40400   332   0.78498   23.340    -34.70     -1.945  
1926.40    -83.6930    9.49900   333   0.79053   23.340    -34.50     -1.945  
1941.30    -84.2070    9.59470   334   0.79610   23.341    -36.50     -1.945  
1956.30    -84.7220    9.69110   335   0.80169   23.341    -36.60     -1.945  
1968.70    -85.2360    9.78820   336   0.80731   23.342    -36.10     -1.944  
1984.20    -85.7500    9.88600   337   0.81295   23.342    -34.80     -1.943  
1999.70    -86.2650    9.98450   338   0.81862   23.342    -34.50     -1.944  
2014.00    -86.7810   10.08400   339   0.82434   23.343    -34.70     -1.945  
2028.50    -87.2960   10.18400   340   0.83006   23.343    -34.80     -1.946  
2044.70    -87.8070   10.28400   341   0.83575   23.344    -34.60     -1.946  
2058.30    -88.3200   10.38500   342   0.84149   23.344    -34.40     -1.945  
2073.70    -88.8350   10.48700   343   0.84728   23.344    -34.40     -1.943  
2089.50    -89.3510   10.59000   344   0.85311   23.345    -32.90     -1.941  
2104.50    -89.8680   10.69400   345   0.85899   23.345    -33.50     -1.942  
2120.60    -90.3820   10.79800   346   0.86483   23.345    -33.90     -1.944  
2135.40    -90.8970   10.90300   347   0.87073   23.346    -33.70     -1.946  
2150.50    -91.4090   11.00800   348   0.87659   23.346    -34.60     -1.946  
2166.00    -91.9220   11.11400   349   0.88249   23.347    -33.70     -1.945  
2180.40    -92.4360   11.22100   350   0.88844   23.347    -34.20     -1.943  
2196.80    -92.9520   11.32900   351   0.89444   23.347    -33.70     -1.942  
2211.20    -93.4690   11.43800   352   0.90048   23.348    -33.40     -1.941  
2227.50    -93.9830   11.54700   353   0.90649   23.348    -33.80     -1.942  
2242.40    -94.4970   11.65700   354   0.91254   23.349    -33.00     -1.943  
2258.20    -95.0130   11.76800   355   0.91864   23.349    -33.80     -1.945  
2273.80    -95.5260   11.87900   356   0.92470   23.349    -33.10     -1.944  
2288.90    -96.0400   11.99100   357   0.93081   23.350    -33.00     -1.944  
2305.30    -96.5550   12.10400   358   0.93696   23.350    -32.20     -1.943  
2321.10    -97.0710   12.21800   359   0.94315   23.351    -32.50     -1.941  
2337.30    -97.5830   12.33200   360   0.94931   23.351    -32.90     -1.942  
2352.20    -98.1010   12.44800   361   0.95560   23.351    -33.70     -1.942  
2368.40    -98.6160   12.56400   362   0.96184   23.352    -33.80     -1.943  
2382.80    -99.1280   12.68000   363   0.96805   23.352    -32.80     -1.943  
2399.40    -99.6440   12.79800   364   0.97439   23.352    -32.50     -1.944  
2415.40   -100.1600   12.91600   365   0.98068   23.353    -33.10     -1.943  
2430.90   -100.6700   13.03500   366   0.98702   23.353    -32.40     -1.942  
2446.00   -101.1900   13.15500   367   0.99340   23.354    -33.10     -1.943  
2464.20   -101.7000   13.27600   368   0.99983   23.354    -32.80     -1.943  
2476.90   -102.2200   13.39700   369   1.00620   23.354    -31.90     -1.943  
2494.80   -102.7300   13.51900   370   1.01260   23.355    -33.10     -1.943  
2511.10   -103.2500   13.64200   371   1.01910   23.355    -31.60     -1.943  
2525.30   -103.7600   13.76600   372   1.02560   23.356    -32.20     -1.942  
2543.60   -104.2800   13.89100   373   1.03220   23.356    -30.80     -1.943  
2559.80   -104.7900   14.01600   374   1.03870   23.356    -31.60     -1.943  
2576.00   -105.3100   14.14200   375   1.04520   23.357    -32.80     -1.942  
2590.90   -105.8200   14.26900   376   1.05180   23.357    -32.10     -1.943  
2608.50   -106.3300   14.39700   377   1.05850   23.357    -31.20     -1.943  
2624.80   -106.8500   14.52600   378   1.06520   23.358    -30.20     -1.943  
2641.90   -107.3600   14.65500   379   1.07180   23.358    -30.60     -1.944  
2659.20   -107.8800   14.78500   380   1.07850   23.359    -31.10     -1.943  
2675.40   -108.3900   14.91600   381   1.08520   23.359    -31.10     -1.944  
2691.70   -108.9100   15.04800   382   1.09190   23.359    -30.90     -1.944  
2709.90   -109.4200   15.18100   383   1.09870   23.360    -30.10     -1.945  
2726.10   -109.9400   15.31400   384   1.10550   23.360    -29.20     -1.944  
2744.20   -110.4500   15.44800   385   1.11230   23.361    -29.70     -1.945  
2762.40   -110.9600   15.58300   386   1.11910   23.361    -29.40     -1.944  
2778.60   -111.4800   15.72000   387   1.12610   23.361    -30.30     -1.943  
2796.80   -111.9900   15.85600   388   1.13290   23.362    -29.30     -1.942  
2813.80   -112.5100   15.99400   389   1.13990   23.362    -28.70     -1.943  
2833.20   -113.0300   16.13300   390   1.14680   23.362    -29.50     -1.945  
2849.30   -113.5400   16.27200   391   1.15380   23.363    -30.30     -1.944  
2866.90   -114.0500   16.41200   392   1.16080   23.363    -29.90     -1.945  
2883.80   -114.5700   16.55300   393   1.16780   23.364    -28.80     -1.944  
2903.30   -115.0800   16.69500   394   1.17490   23.364    -29.00     -1.944  
2919.90   -115.6000   16.83800   395   1.18190   23.364    -29.00     -1.945  
2938.10   -116.1100   16.98200   396   1.18910   23.365    -29.10     -1.944  
2956.20   -116.6200   17.12600   397   1.19620   23.365    -28.30     -1.944  
2974.40   -117.1400   17.27100   398   1.20330   23.366    -28.60     -1.945  
2992.50   -117.6500   17.41800   399   1.21050   23.366    -28.70     -1.945  
3010.60   -118.1700   17.56500   400   1.21770   23.366    -28.80     -1.945  
3028.70   -118.6800   17.71300   401   1.22500   23.367    -28.50     -1.945  
3046.90   -119.2000   17.86200   402   1.23220   23.367    -27.60     -1.947  
3065.70   -119.7100   18.01100   403   1.23950   23.367    -27.90     -1.947  
3085.00   -120.2200   18.16200   404   1.24680   23.368    -27.60     -1.947  
3102.10   -120.7400   18.31300   405   1.25410   23.368    -28.30     -1.947  
3122.20   -121.2500   18.46600   406   1.26150   23.369    -28.20     -1.947  
3139.10   -121.7600   18.61900   407   1.26890   23.369    -27.40     -1.947  
3158.70   -122.2800   18.77300   408   1.27630   23.369    -28.50     -1.947  
3177.50   -122.7900   18.92800   409   1.28370   23.370    -27.80     -1.947  
3194.40   -123.3000   19.08400   410   1.29120   23.370    -27.60     -1.946  
3215.00   -123.8200   19.24100   411   1.29870   23.371    -27.70     -1.946  
3233.60   -124.3300   19.39900   412   1.30620   23.371    -26.40     -1.946  
3251.70   -124.8500   19.55800   413   1.31380   23.371    -26.80     -1.946  
3273.80   -125.3600   19.71700   414   1.32130   23.372    -26.10     -1.946  
3291.30   -125.8700   19.87800   415   1.32890   23.372    -26.80     -1.947  
3311.50   -126.3900   20.04000   416   1.33660   23.372    -27.60     -1.947  
3329.80   -126.9000   20.20200   417   1.34420   23.373    -27.30     -1.947  
3349.30   -127.4100   20.36500   418   1.35190   23.373    -27.00     -1.948  
3367.90   -127.9300   20.53000   419   1.35960   23.374    -25.90     -1.948  
3389.30   -128.4400   20.69500   420   1.36730   23.374    -25.70     -1.948  
3408.80   -128.9500   20.86100   421   1.37510   23.374    -26.60     -1.949  
3428.20   -129.4700   21.02800   422   1.38290   23.375    -26.50     -1.949  
3447.00   -129.9800   21.19600   423   1.39070   23.375    -24.70     -1.949  
3469.40   -130.4900   21.36500   424   1.39850   23.376    -25.60     -1.950  
3488.20   -131.0100   21.53500   425   1.40640   23.376   -999.99     -1.950  
3502.60   -131.5200   21.70600   426   1.41430   23.376   -999.99   -999.990  
3513.10   -132.0300   21.87700   427   1.42220   23.377   -999.99   -999.990  
3523.70   -132.5400   22.05000   428   1.43010   23.377   -999.99   -999.990  
