-240.242         2.4655e-04   
-239.617         2.4666e-04   
-238.992         3.0618e-04   
-238.367         3.0628e-04   
-237.742         2.7667e-04   
-237.117         2.4707e-04   
-236.492         1.8775e-04   
-235.867         2.1756e-04   
-235.242         2.7709e-04   
-234.617         3.3661e-04   
-233.992         3.3671e-04   
-233.367         3.6652e-04   
-232.742         3.9634e-04   
-232.117         3.6673e-04   
-231.492         3.0741e-04   
-230.867         3.0752e-04   
-230.242         3.0762e-04   
-229.617         3.3743e-04   
-228.992         3.9696e-04   
-228.367         4.5648e-04   
-227.742         4.8629e-04   
-227.117         5.1610e-04   
-226.492         4.8650e-04   
-225.867         4.5689e-04   
-225.242         4.5699e-04   
-224.617         4.5710e-04   
-223.992         5.1662e-04   
-223.367         5.4643e-04   
-222.742         5.7625e-04   
-222.117         6.6548e-04   
-221.492         6.6558e-04   
-220.867         6.6569e-04   
-220.242         6.3608e-04   
-219.617         6.3618e-04   
-218.992         6.3628e-04   
-218.367         6.6610e-04   
-217.742         7.2562e-04   
-217.117         7.5543e-04   
-216.492         8.1496e-04   
-215.867         8.4477e-04   
-215.242         8.7458e-04   
-214.617         8.4498e-04   
-213.992         8.4508e-04   
-213.367         8.4518e-04   
-212.742         9.0471e-04   
-212.117         9.3452e-04   
-211.492         1.0238e-03   
-210.867         1.0833e-03   
-210.242         1.1428e-03   
-209.617         1.1726e-03   
-208.992         1.2024e-03   
-208.367         1.2025e-03   
-207.742         1.2323e-03   
-207.117         1.2919e-03   
-206.492         1.3514e-03   
-205.867         1.4406e-03   
-205.242         1.5299e-03   
-204.617         1.6191e-03   
-203.992         1.6786e-03   
-203.367         1.7381e-03   
-202.742         1.7382e-03   
-202.117         1.8275e-03   
-201.492         1.9464e-03   
-200.867         2.0357e-03   
-200.242         2.2140e-03   
-199.617         2.3330e-03   
-198.992         2.4519e-03   
-198.367         2.5709e-03   
-197.742         2.6601e-03   
-197.117         2.6899e-03   
-196.492         2.8089e-03   
-195.867         2.8981e-03   
-195.242         3.0765e-03   
-194.617         3.2548e-03   
-193.992         3.4629e-03   
-193.367         3.6116e-03   
-192.742         3.7899e-03   
-192.117         3.8792e-03   
-191.492         4.0575e-03   
-190.867         4.2062e-03   
-190.242         4.3845e-03   
-189.617         4.5629e-03   
-188.992         4.7710e-03   
-188.367         5.0385e-03   
-187.742         5.2466e-03   
-187.117         5.4546e-03   
-186.492         5.6330e-03   
-185.867         5.8411e-03   
-185.242         6.0492e-03   
-184.617         6.2572e-03   
-183.992         6.4950e-03   
-183.367         6.7625e-03   
-182.742         7.0895e-03   
-182.117         7.4164e-03   
-181.492         7.7730e-03   
-180.867         8.1296e-03   
-180.242         8.4566e-03   
-179.617         8.8726e-03   
-178.992         9.2887e-03   
-178.367         9.7939e-03   
-177.742         1.0358e-02   
-177.117         1.1012e-02   
-176.492         1.1725e-02   
-175.867         1.2528e-02   
-175.242         1.3419e-02   
-174.617         1.4311e-02   
-173.992         1.5172e-02   
-173.367         1.6093e-02   
-172.742         1.7074e-02   
-172.117         1.8054e-02   
-171.492         1.9035e-02   
-170.867         1.9956e-02   
-170.242         2.0818e-02   
-169.617         2.1798e-02   
-168.992         2.2838e-02   
-168.367         2.3938e-02   
-167.742         2.5126e-02   
-167.117         2.6523e-02   
-166.492         2.8127e-02   
-165.867         2.9999e-02   
-165.242         3.2376e-02   
-164.617         3.5734e-02   
-163.992         4.0012e-02   
-163.367         4.5122e-02   
-162.742         5.0173e-02   
-162.117         5.4630e-02   
-161.492         5.9087e-02   
-160.867         6.4584e-02   
-160.242         7.0377e-02   
-159.617         7.5517e-02   
-158.992         7.9826e-02   
-158.367         8.5649e-02   
-157.742         1.0277e+00   
-157.117         1.1506e-01   
-156.492         1.3327e-01   
-155.867         1.5149e-01   
-155.242         1.7258e-01   
-154.617         1.9463e-01   
-153.992         2.2147e-01   
-153.367         2.6078e-01   
-152.742         3.0200e-01   
-152.117         3.3556e-01   
-151.492         4.1225e-01   
-150.867         4.9278e-01   
-150.242         5.4264e-01   
-149.617         6.1933e-01   
-148.992         7.1328e-01   
-148.367         8.0628e-01   
-147.742         8.9640e-01   
-147.117         1.0019e+00   
-146.492         1.1361e+00   
-145.867         1.2387e+00   
-145.242         1.3537e+00   
-144.617         1.4831e+00   
-143.992         1.6883e+00   
-143.367         2.0564e+00   
-142.742         2.3028e+00   
-142.117         2.7649e+00   
-141.492         3.3181e+00   
-140.867         3.8196e+00   
-140.242         4.4628e+00   
-139.617         4.9835e+00   
-138.992         5.7493e+00   
-138.367         7.0358e+00   
-137.742         8.3835e+00   
-137.117         9.7006e+00   
-136.492         1.1110e+01   
-135.867         1.2488e+01   
-135.242         1.4479e+01   
-134.617         1.7266e+01   
-133.992         2.0881e+01   
-133.367         2.3423e+01   
-132.742         2.7558e+01   
-132.117         3.1387e+01   
-131.492         3.5920e+01   
-130.867         4.2750e+01   
-130.242         4.8509e+01   
-129.617         5.7055e+01   
-128.992         6.5468e+01   
-128.367         7.6244e+01   
-127.742         8.8980e+01   
-127.117         1.0661e+02   
-126.492         1.1837e+02   
-125.867         1.3404e+02   
-125.242         1.5854e+02   
-124.617         1.7519e+02   
-123.992         2.1144e+02   
-123.367         2.4181e+02   
-122.742         2.7120e+02   
-122.117         3.0451e+02   
-121.492         3.3684e+02   
-120.867         3.8484e+02   
-120.242         4.3382e+02   
-119.617         4.8967e+02   
-118.992         5.5334e+02   
-118.367         6.4935e+02   
-117.742         7.1205e+02   
-117.117         8.0512e+02   
-116.492         9.2954e+02   
-115.867         1.0373e+03   
-115.242         1.1372e+03   
-114.617         1.2842e+03   
-113.992         1.4311e+03   
-113.367         1.5928e+03   
-112.742         1.7329e+03   
-112.117         1.8847e+03   
-111.492         1.9817e+03   
-110.867         2.0640e+03   
-110.242         2.1404e+03   
-109.617         2.2207e+03   
-109.461         2.2403e+03   
-109.305         2.2403e+03   
-109.148         2.2511e+03   
-108.992         2.2531e+03   
-108.836         2.2472e+03   
-108.68          2.2433e+03   
-108.523         2.2344e+03   
-108.367         2.2403e+03   
-107.742         2.2099e+03   
-107.117         2.1757e+03   
-106.492         2.1218e+03   
-105.867         2.0728e+03   
-105.242         2.0238e+03   
-104.617         1.9415e+03   
-103.992         1.8592e+03   
-103.367         1.7779e+03   
-102.742         1.6976e+03   
-102.117         1.6084e+03   
-101.492         1.5085e+03   
-100.867         1.4526e+03   
-100.242         1.3615e+03   
 -99.617         1.2920e+03   
 -98.992         1.2126e+03   
 -98.367         1.1382e+03   
 -97.742         1.0568e+03   
 -97.117         9.9806e+02   
 -96.492         9.4222e+02   
 -95.867         8.7756e+02   
 -95.242         8.0409e+02   
 -94.617         7.4824e+02   
 -93.992         6.9045e+02   
 -93.367         6.4244e+02   
 -92.742         5.9150e+02   
 -92.117         5.4448e+02   
 -91.492         5.0921e+02   
 -90.867         4.7100e+02   
 -90.242         4.4161e+02   
 -89.617         4.1908e+02   
 -88.992         3.9165e+02   
 -88.367         3.7010e+02   
 -87.742         3.4953e+02   
 -87.117         3.2797e+02   
 -86.492         3.1230e+02   
 -85.867         2.9466e+02   
 -85.242         2.7703e+02   
 -84.617         2.5940e+02   
 -83.992         2.4568e+02   
 -83.367         2.3099e+02   
 -82.742         2.1825e+02   
 -82.117         2.0650e+02   
 -81.492         1.9474e+02   
 -80.867         1.8690e+02   
 -80.242         1.7809e+02   
 -79.617         1.7025e+02   
 -78.992         1.6241e+02   
 -78.367         1.5653e+02   
 -77.742         1.4968e+02   
 -77.117         1.4380e+02   
 -76.492         1.3792e+02   
 -75.867         1.3302e+02   
 -75.242         1.2714e+02   
 -74.617         1.2224e+02   
 -73.992         1.2028e+02   
 -73.367         1.1539e+02   
 -72.742         1.0951e+02   
 -72.117         1.0461e+02   
 -71.492         1.0069e+02   
 -70.867         9.7751e+01   
 -70.242         9.3832e+01   
 -69.617         8.9913e+01   
 -68.992         8.5994e+01   
 -68.367         8.3055e+01   
 -67.742         8.1096e+01   
 -67.117         7.7178e+01   
 -66.492         7.4239e+01   
 -65.867         7.0321e+01   
 -65.242         6.7383e+01    
 -64.617         6.3465e+01   
 -63.992         6.1506e+01   
 -63.367         6.0527e+01   
 -62.742         5.8568e+01   
 -62.117         5.3836e+01   
 -61.492         5.1875e+01   
 -60.867         5.0221e+01   
 -60.242         4.7771e+01   
 -59.617         4.6454e+01   
 -58.992         4.4739e+01   
 -58.367         4.2993e+01   
 -57.742         4.2381e+01   
 -57.117         4.0328e+01   
 -56.492         4.0053e+01   
 -55.867         3.8154e+01   
 -55.242         3.6959e+01   
 -54.617         3.5887e+01   
 -53.992         3.5520e+01   
 -53.367         3.4264e+01   
 -52.742         3.3682e+01   
 -52.117         3.2794e+01   
 -51.492         3.1967e+01   
 -50.867         3.1783e+01   
 -50.242         3.0589e+01   
 -49.617         2.8169e+01   
 -48.992         2.5596e+01   
 -48.367         2.5504e+01   
 -47.742         2.4432e+01   
 -47.117         2.3207e+01   
 -46.492         2.4095e+01   
 -45.867         2.3085e+01   
 -45.242         2.4432e+01   
 -44.617         2.3912e+01   
 -43.992         2.3605e+01   
 -43.367         2.3452e+01   
 -42.742         2.2503e+01   
 -42.117         2.3605e+01   
 -41.492         2.4126e+01   
 -40.867         2.2717e+01   
 -40.242         2.4402e+01   
 -39.617         2.4800e+01   
 -38.992         2.4279e+01   
 -38.367         2.4187e+01   
 -37.742         2.4249e+01   
 -37.117         2.4432e+01   
 -36.492         2.4555e+01   
 -35.867         2.5351e+01   
 -35.242         2.5351e+01   
 -34.617         2.3636e+01   
 -33.992         2.5413e+01   
 -33.367         2.5443e+01   
 -32.742         2.5413e+01   
 -32.117         2.5443e+01   
 -31.492         2.6944e+01   
 -30.867         2.5321e+01   
 -30.242         2.8322e+01   
 -29.617         2.5382e+01   
 -28.992         2.8690e+01   
 -28.367         2.7679e+01   
 -27.742         2.6913e+01   
 -27.117         2.7465e+01   
 -26.492         2.7495e+01   
 -25.867         2.7587e+01   
 -25.242         2.7894e+01   
 -24.617         2.8353e+01   
 -23.992         2.5566e+01   
 -23.367         2.8261e+01   
 -22.742         2.7128e+01   
 -22.117         2.7404e+01   
 -21.492         2.8200e+01   
 -20.867         2.7587e+01   
 -20.242         3.0344e+01   
 -19.617         2.7281e+01   
 -18.992         2.8414e+01   
 -18.367         2.7342e+01   
 -17.742         2.6944e+01   
 -17.117         2.8598e+01   
 -16.492         2.7404e+01   
 -15.867         2.7894e+01   
 -15.242         2.8598e+01   
 -14.617         2.8476e+01   
 -13.992         2.8506e+01   
 -13.367         2.8721e+01   
 -12.742         2.7618e+01   
 -12.117         2.8231e+01   
 -11.492         2.8966e+01   
 -10.867         2.8078e+01   
 -10.242         2.7802e+01   
  -9.617         2.6301e+01   
  -8.992         2.8016e+01   
  -8.367         2.7220e+01   
  -7.742         2.7189e+01   
  -7.117         2.7465e+01   
  -6.492         2.7159e+01   
  -5.867         2.6669e+01   
  -5.242         2.8721e+01   
  -4.617         2.6975e+01   
  -3.992         2.8261e+01   
  -3.367         2.8292e+01   
  -2.742         2.7036e+01   
  -2.117         2.7036e+01   
  -1.492         2.6944e+01   
